
ArrayStatistics_basicArray .....
      11      12      13      14      15      16      17      18      19      20

min ( 11), max ( 20), sum (  155.00), average (   15.50), variance (    8.25), standard deviation (    2.87)

ArrayStatistics_genBigRandArray .....
  361955  579012  145516  140462  515280  969585  888635  402539  152102  176572
  402892  860889  580638  870044  139319  509022   27666  263304   82555  212774

   . . . . .

  781684  862898  970663  245634  819539    6740  391286  298149  999958   42057
  819435  698914  659016  697411  542744  531948  431882  407191  875159    6546

min (  0), max (999999), sum (499999500000.00), average (499999.50), variance (83333333333.79), standard deviation (288675.13)
